6
17302206238494305010121002334083488276540598361858377208655112699438927412003618404191071680649970678370935769804906629276489846410
499609451040726511745598851614810544278868187403740840693012840701819985059259164288841864588911505992874445730763125206822850880
5178038580795755383568619635451826045784537387496189523912740659222452776760399384443125287807535232791256063980751788262167266720
3379234411963129477243664287721324151409357842314571233433763745359312170776080589525087001148522475067484997918161603257421175610
9116744813210853831312231354485858005636968828963919481590594898603556246630875696202299051512886561118528465776527075367854570770
17847681199330809213812613818315785612204323125861334655836888854250577816591178246930719649849985167401326042228094036770112922070
10
11
13
17
19
21
23
29
31
37
41
43
47
53
59
61
67
71
73
79
83
89
97
101
103
107
109
113
127
131
137
139
149
151
157
163
167
173
179
181
191
193
197
199
211
223
227
229
233
239
241
251
257
263
269
271
277
281
283
293
307
311
313
317
